8373 11727
3622 8401
3193 9765
13721 10448
9621 1802
6270 12304
2661 4628
2115 9073
1817 1780
90 3632
12992 7540
4192 6195
8280 5705
5166 12755
12497 295
10076 7000
3572 2646
13541 1131
9778 14778
9241 1548
2425 5549
265 8636
5635 1634
1042 392
13705 1784
8834 1015
2753 9865
7116 9018
3917 11301
766 14326
13653 9070
11254 11582
12875 10281
6548 770
780 14076
13616 2591
4353 4635
6010 503
8422 14826
5489 572
13387 14574
5650 13286
4210 9142
4697 2336
1284 8839
10339 5425
5803 199
13529 4574
13028 10884
13864 14274
1065 10972
6405 11613
13951 2337
8395 7827
12805 2341
3447 2901
1065 1269
9055 7199
14193 3953
7287 1512
6594 3966
5149 12063
2573 5305
12529 1787
5400 1163
799 8682
13798 7337
4426 14492
388 10239
9125 4599
6620 6335
7051 1743
6753 4676
2159 12386
7227 13312
4670 4028
12176 13833
10444 10561
2744 190
4715 5400
1235 1428
7265 2142
10638 7647
8042 7380
1817 6981
2924 13844
1190 5992
2421 13094
13683 12151
6134 4210
6354 3974
12803 4350
9497 14665
2746 292
708 13453
3429 279
8737 485
12160 8385
5325 6028
1569 867
6956 11059
5192 11429
13922 14934
11286 11791
3307 11556
1096 12843
13080 3279
7811 6395
14473 7034
13480 2902
1275 12893
4301 5344
3952 3584
9256 8843
750 3602
9801 4871
707 9160
13293 747
14277 7226
9022 13442
10272 4838
6507 7582
11229 4338
5506 62
11149 5553
13325 7084
9386 8884
1525 6985
4755 6862
5031 5899
8564 14800
656 11208
10788 11417
12045 3540
1179 2841
5407 13328
13391 12498
12181 8292
4588 12712
4988 6092
14926 3988
14404 7249
13462 2270
13275 8252
10018 14615
13800 13314
6151 6460
12847 13003
639 359
6433 989
8350 817
12235 7293
8347 14468
11081 14452
3059 2465
7392 3673
12209 1817
3867 10151
779 7126
1521 13346
1030 8821
3357 1512
9186 9082
3901 14592
3289 13436
188 1822
9236 4499
11928 14888
1208 10858
2278 3188
13064 12410
13554 2543
13949 241
3013 4855
4925 3592
7920 2875
9115 9422
3899 7894
10738 4293
14017 6608
10313 6526
11727 1299
2753 359
165 6298
11743 9167
1039 3620
1844 5925
1227 7627
1583 8188
6220 711
3756 2791
4342 2823
8923 8884
5297 4106
7587 8981
6772 2086
3809 8272
14493 10704
2969 2752
8973 11690
